RUNNING THE BUG: Math 86, WITH THE SEED: 3
2021-05-08 23:59:56 [main] [INFO]  KGenProgMain - 
==================== kGenProg Configuration ====================
configPath = kgenprog.toml
rootDir = . (set by command line)
productPaths = [src/java] (set by command line)
testPaths = [src/test] (set by command line)
classPaths = [/home/ubuntu/rtx/defects4j/framework/projects/Math/lib/commons-discovery-0.5.jar, /home/ubuntu/rtx/defects4j/framework/projects/lib/junit-4.11.jar] (set by command line)
executionTests = [org.apache.commons.math.linear.CholeskyDecompositionImplTest] (set by command line)
outDir = /home/ubuntu/rtx/d4j/Math/86b/kGenProg-Project/patch-seed3 (set by command line)
logLevel = INFO
mutationGeneratingCount = 10
crossoverGeneratingCount = 10
headcount = 10
maxGeneration = 10
timeLimit = PT1M
testTimeLimit = PT10S
requiredSolutionsCount = 1
randomSeed = 3 (set by command line)
scope = PROJECT (set by command line)
faultLocalization = Ochiai (set by command line)
mutationType = Simple
crossoverType = Random
firstVariantSelectionStrategy = Random
secondVariantSelectionStrategy = Random
isPatchOutput = true
isHistoryRecord = false
currentDirectory = /home/ubuntu/rtx/d4j/Math/86b
version = 1.8.0
================================================================
DenseRealMatrix{{14.0,11.0,13.0,15.0,NaN},{11.0,34.0,13.0,8.0,NaN},{13.0,13.0,13.999999999999998,15.0,NaN},{15.0,8.0,15.0,18.000000000000004,NaN},{NaN,NaN,NaN,NaN,NaN}}
2021-05-09 00:00:21 [main] [INFO]  KGenProgMain - initial failed tests (2/9)
org.apache.commons.math.linear.CholeskyDecompositionImplTest.testNotPositiveDefinite: Expected exception: org.apache.commons.math.linear.NotPositiveDefiniteMatrixExceptionorg.apache.commons.math.linear.CholeskyDecompositionImplTest.testMath274: Expected exception: org.apache.commons.math.linear.NotPositiveDefiniteMatrixException
2021-05-09 00:00:22 [main] [INFO]  KGenProgMain - GA started
2021-05-09 00:00:22 [main] [INFO]  KGenProgMain - entered the era of 1st generation.
{14.0,11.0,13.0,15.0,NaN},{11.0,34.0,13.0,8.0,NaN},{13.0,13.0,13.999999999999998,15.0,NaN},{15.0,8.0,15.0,18.000000000000004,NaN},{NaN,NaN,NaN,NaN,NaN}}
DenseRealMatrix{{14.0,11.0,13.0,15.0,NaN},{11.0,34.0,13.0,8.0,NaN},{13.0,13.0,13.999999999999998,15.0,NaN},{15.0,8.0,15.0,18.000000000000004,NaN},{NaN,NaN,NaN,NaN,NaN}}
2021-05-09 00:00:25 [main] [INFO]  KGenProgMain - 
----------------------------------------------------------------
Elapsed time: 3 seconds
Variants: generated 10, build-succeeded 2, build-failed 5, syntax-invalid 2, redundant 1
Fitness: max 0.778(2), min 0.778(2), ave 0.778
----------------------------------------------------------------

2021-05-09 00:00:25 [main] [INFO]  KGenProgMain - entered the era of 2nd generation.
DenseRealMatrix{{14.0,11.0,13.0,15.0,NaN},{11.0,34.0,13.0,8.0,NaN},{13.0,13.0,13.999999999999998,15.0,NaN},{15.0,8.0,15.0,18.000000000000004,NaN},{NaN,NaN,NaN,NaN,NaN}}
DenseRealMatrix{{196.0,11.0,12.999999999999998,15.0,24.0},{11.0,1115.0188723448562,13.000000000000002,8.0,25.000000000000004},{12.999999999999998,13.000000000000002,170.06622146474712,14.999999999999998,20.999999999999993},{15.0,8.0,14.999999999999998,247.5436652414541,22.999999999999996},{24.0,25.000000000000004,20.999999999999993,22.999999999999996,1439.7975625665854}}
2021-05-09 00:00:29 [main] [INFO]  KGenProgMain - 
----------------------------------------------------------------
Elapsed time: 6 seconds
Variants: generated 10, build-succeeded 2, build-failed 5, syntax-invalid 2, redundant 1
Fitness: max 0.778(1), min 0.556(1), ave 0.667
----------------------------------------------------------------

2021-05-09 00:00:29 [main] [INFO]  KGenProgMain - entered the era of 3rd generation.
2021-05-09 00:00:31 [main] [INFO]  KGenProgMain - 
----------------------------------------------------------------
Elapsed time: 8 seconds
Variants: generated 10, build-succeeded 0, build-failed 7, syntax-invalid 2, redundant 1
Fitness: max --, min --, ave NaN
----------------------------------------------------------------

2021-05-09 00:00:31 [main] [INFO]  KGenProgMain - entered the era of 4th generation.
DenseRealMatrix{{196.0,11.0,12.999999999999998,15.0,24.0},{11.0,1115.0188723448562,13.000000000000002,8.0,25.000000000000004},{12.999999999999998,13.000000000000002,170.06622146474712,14.999999999999998,20.999999999999993},{15.0,8.0,14.999999999999998,247.5436652414541,22.999999999999996},{24.0,25.000000000000004,20.999999999999993,22.999999999999996,1439.7975625665854}}
DenseRealMatrix{{14.0,11.0,13.0,15.0,NaN,{11.0,34.0,13.0,8.0,NaN,{13.0,13.0,13.999999999999998,15.0,NaN,{15.0,8.0,15.0,18.000000000000004,NaN,{NaN,NaN,NaN,NaN,NaN}
DenseRealMatrix{{14.0,11.0,13.0,15.0,NaN},{11.0,34.0,13.0,8.0,NaN},{13.0,13.0,13.999999999999998,15.0,NaN},{15.0,8.0,15.0,18.000000000000004,NaN},{NaN,NaN,NaN,NaN,NaN}}
2021-05-09 00:00:34 [main] [INFO]  KGenProgMain - 
----------------------------------------------------------------
Elapsed time: 12 seconds
Variants: generated 10, build-succeeded 3, build-failed 7, syntax-invalid 0, redundant 0
Fitness: max 0.778(2), min 0.556(1), ave 0.704
----------------------------------------------------------------

2021-05-09 00:00:34 [main] [INFO]  KGenProgMain - entered the era of 5th generation.
DenseRealMatrix{{14.0,11.0,13.0,15.0,NaN}{11.0,34.0,13.0,8.0,NaN}{13.0,13.0,13.999999999999998,15.0,NaN}{15.0,8.0,15.0,18.000000000000004,NaN}{NaN,NaN,NaN,NaN,NaN}}
DenseRealMatrix{{196.0,11.0,12.999999999999998,15.0,24.0},{11.0,1115.0188723448562,13.000000000000002,8.0,25.000000000000004},{12.999999999999998,13.000000000000002,170.06622146474712,14.999999999999998,20.999999999999993},{15.0,8.0,14.999999999999998,247.5436652414541,22.999999999999996},{24.0,25.000000000000004,20.999999999999993,22.999999999999996,1439.7975625665854}}
DenseRealMatrix{{14.0,11.0,13.0,15.0,NaN},{11.0,34.0,13.0,8.0,NaN},{13.0,13.0,13.999999999999998,15.0,NaN},{15.0,8.0,15.0,18.000000000000004,NaN},{NaN,NaN,NaN,NaN,NaN}}
DenseRealMatrix{{14.0,11.0,13.0,15.0,NaN},{11.0,34.0,13.0,8.0,NaN},{13.0,13.0,13.999999999999998,15.0,NaN},{15.0,8.0,15.0,18.000000000000004,NaN},{NaN,NaN,NaN,NaN,NaN}}
2021-05-09 00:00:41 [main] [INFO]  KGenProgMain - 
----------------------------------------------------------------
Elapsed time: 18 seconds
Variants: generated 20, build-succeeded 5, build-failed 7, syntax-invalid 1, redundant 7
Fitness: max 0.778(3), min 0.222(1), ave 0.622
----------------------------------------------------------------

2021-05-09 00:00:41 [main] [INFO]  KGenProgMain - entered the era of 6th generation.
DenseRealMatrix{{14.0,11.0,13.0,15.0,NaN},{11.0,34.0,13.0,8.0,NaN},{13.0,13.0,13.999999999999998,15.0,NaN},{15.0,8.0,15.0,18.000000000000004,NaN},{NaN,NaN,NaN,NaN,NaN}}
DenseRealMatrix{{14.0,11.0,13.0,15.0,NaN},{11.0,34.0,13.0,8.0,NaN},{13.0,13.0,13.999999999999998,15.0,NaN},{15.0,8.0,15.0,18.000000000000004,NaN},{NaN,NaN,NaN,NaN,NaN}}
null
DenseRealMatrix{{14.0,11.0,13.0,15.0,NaN,{11.0,34.0,13.0,8.0,NaN,{13.0,13.0,13.999999999999998,15.0,NaN,{15.0,8.0,15.0,18.000000000000004,NaN,{NaN,NaN,NaN,NaN,NaN}
2021-05-09 00:00:45 [main] [INFO]  KGenProgMain - 
----------------------------------------------------------------
Elapsed time: 22 seconds
Variants: generated 20, build-succeeded 4, build-failed 6, syntax-invalid 0, redundant 10
Fitness: max 0.778(4), min 0.778(4), ave 0.778
----------------------------------------------------------------

2021-05-09 00:00:45 [main] [INFO]  KGenProgMain - entered the era of 7th generation.
DenseRealMatrix{{14.011.013.015.0NaN},{11.034.013.08.0NaN},{13.013.013.99999999999999815.0NaN},{15.08.015.018.000000000000004NaN},{NaNNaNNaNNaNNaN}}
DenseRealMatrix{{14.0,11.0,13.0,15.0,NaN,{11.0,34.0,13.0,8.0,NaN,{13.0,13.0,13.999999999999998,15.0,NaN,{15.0,8.0,15.0,18.000000000000004,NaN,{NaN,NaN,NaN,NaN,NaN}
DenseRealMatrix{{14.0,11.0,13.0,15.0,NaN},{11.0,34.0,13.0,8.0,NaN},{13.0,13.0,13.999999999999998,15.0,NaN},{15.0,8.0,15.0,18.000000000000004,NaN},{NaN,NaN,NaN,NaN,NaN}}
2021-05-09 00:00:50 [main] [INFO]  KGenProgMain - 
----------------------------------------------------------------
Elapsed time: 27 seconds
Variants: generated 20, build-succeeded 4, build-failed 7, syntax-invalid 1, redundant 8
Fitness: max 0.778(3), min 0.333(1), ave 0.667
----------------------------------------------------------------

2021-05-09 00:00:50 [main] [INFO]  KGenProgMain - entered the era of 8th generation.
DenseRealMatrix{{14.0,11.0,13.0,15.0,NaN,{11.0,34.0,13.0,8.0,NaN,{13.0,13.0,13.999999999999998,15.0,NaN,{15.0,8.0,15.0,18.000000000000004,NaN,{NaN,NaN,NaN,NaN,NaN}
DenseRealMatrix{{14.0,11.0,13.0,15.0,NaN},{11.0,34.0,13.0,8.0,NaN},{13.0,13.0,13.999999999999998,15.0,NaN},{15.0,8.0,15.0,18.000000000000004,NaN},{NaN,NaN,NaN,NaN,NaN}}
DenseRealMatrix{{14.0,11.0,13.0,15.0,NaN,{11.0,34.0,13.0,8.0,NaN,{13.0,13.0,13.999999999999998,15.0,NaN,{15.0,8.0,15.0,18.000000000000004,NaN,{NaN,NaN,NaN,NaN,NaN}
2021-05-09 00:00:54 [main] [INFO]  KGenProgMain - 
----------------------------------------------------------------
Elapsed time: 32 seconds
Variants: generated 20, build-succeeded 3, build-failed 6, syntax-invalid 3, redundant 8
Fitness: max 0.778(3), min 0.778(3), ave 0.778
----------------------------------------------------------------

2021-05-09 00:00:54 [main] [INFO]  KGenProgMain - entered the era of 9th generation.
DenseRealMatrix{{14.0,11.0,13.0,15.0,NaN},{11.0,34.0,13.0,8.0,NaN},{13.0,13.0,13.999999999999998,15.0,NaN},{15.0,8.0,15.0,18.000000000000004,NaN},{NaN,NaN,NaN,NaN,NaN}}
null
2021-05-09 00:00:58 [main] [INFO]  KGenProgMain - 
----------------------------------------------------------------
Elapsed time: 35 seconds
Variants: generated 20, build-succeeded 2, build-failed 7, syntax-invalid 0, redundant 11
Fitness: max 0.778(2), min 0.778(2), ave 0.778
----------------------------------------------------------------

2021-05-09 00:00:58 [main] [INFO]  KGenProgMain - entered the era of 10th generation.
null
DenseRealMatrix{{14.0,11.0,13.0,15.0,NaN},{11.0,34.0,13.0,8.0,NaN},{13.0,13.0,13.999999999999998,15.0,NaN},{15.0,8.0,15.0,18.000000000000004,NaN},{NaN,NaN,NaN,NaN,NaN}}
2021-05-09 00:01:03 [main] [INFO]  KGenProgMain - 
----------------------------------------------------------------
Elapsed time: 40 seconds
Variants: generated 20, build-succeeded 2, build-failed 11, syntax-invalid 1, redundant 6
Fitness: max 0.778(2), min 0.778(2), ave 0.778
----------------------------------------------------------------

2021-05-09 00:01:03 [main] [INFO]  KGenProgMain - GA stopped
2021-05-09 00:01:03 [main] [INFO]  KGenProgMain - Summary
Reached generation = 10
Generated variants = 160
Syntax valid variants = 148
Build succeeded variants = 27
Time elapsed = 40 seconds
Exit status = FAILURE (maximum generation)
