RUNNING THE BUG: Math 86, WITH THE SEED: 9
2021-03-30 08:49:36 [main] [INFO]  KGenProgMain - 
==================== kGenProg Configuration ====================
configPath = kgenprog.toml
rootDir = . (set by command line)
productPaths = [src/java] (set by command line)
testPaths = [src/test] (set by command line)
classPaths = [/home/ubuntu/rtx/defects4j/framework/projects/lib/junit-4.11.jar, /home/ubuntu/rtx/defects4j/framework/projects/Math/lib/commons-discovery-0.5.jar] (set by command line)
executionTests = [org.apache.commons.math.linear.CholeskyDecompositionImplTest] (set by command line)
outDir = /home/ubuntu/rtx/d4j/Math/86b/kGenProg-FILE/patch-seed9 (set by command line)
logLevel = INFO
mutationGeneratingCount = 10
crossoverGeneratingCount = 10
headcount = 10
maxGeneration = 10
timeLimit = PT1M
testTimeLimit = PT10S
requiredSolutionsCount = 1
randomSeed = 9 (set by command line)
scope = FILE (set by command line)
faultLocalization = Ochiai
mutationType = Simple
crossoverType = Random
firstVariantSelectionStrategy = Random
secondVariantSelectionStrategy = Random
isPatchOutput = true
isHistoryRecord = false
currentDirectory = /home/ubuntu/rtx/d4j/Math/86b
version = 1.8.0
================================================================
DenseRealMatrix{{14.0,11.0,13.0,15.0,NaN},{11.0,34.0,13.0,8.0,NaN},{13.0,13.0,13.999999999999998,15.0,NaN},{15.0,8.0,15.0,18.000000000000004,NaN},{NaN,NaN,NaN,NaN,NaN}}
2021-03-30 08:49:52 [main] [INFO]  KGenProgMain - initial failed tests (2/9)
org.apache.commons.math.linear.CholeskyDecompositionImplTest.testNotPositiveDefinite: Expected exception: org.apache.commons.math.linear.NotPositiveDefiniteMatrixExceptionorg.apache.commons.math.linear.CholeskyDecompositionImplTest.testMath274: Expected exception: org.apache.commons.math.linear.NotPositiveDefiniteMatrixException
2021-03-30 08:49:53 [main] [INFO]  KGenProgMain - GA started
2021-03-30 08:49:53 [main] [INFO]  KGenProgMain - entered the era of 1st generation.
DenseRealMatrix{{14.0,11.0,13.0,15.0,NaN},{11.0,34.0,13.0,8.0,NaN},{13.0,13.0,13.999999999999998,15.0,NaN},{15.0,8.0,15.0,18.000000000000004,NaN},{NaN,NaN,NaN,NaN,NaN}}
2021-03-30 08:49:56 [main] [INFO]  KGenProgMain - 
----------------------------------------------------------------
Elapsed time: 2 seconds
Variants: generated 10, build-succeeded 3, build-failed 4, syntax-invalid 1, redundant 2
Fitness: max 0.778(1), min 0(1), ave 0.37
----------------------------------------------------------------

2021-03-30 08:49:56 [main] [INFO]  KGenProgMain - entered the era of 2nd generation.
2021-03-30 08:49:58 [main] [INFO]  KGenProgMain - 
----------------------------------------------------------------
Elapsed time: 5 seconds
Variants: generated 10, build-succeeded 1, build-failed 9, syntax-invalid 0, redundant 0
Fitness: max 0.222(1), min 0.222(1), ave 0.222
----------------------------------------------------------------

2021-03-30 08:49:58 [main] [INFO]  KGenProgMain - entered the era of 3rd generation.
DenseRealMatrix{{14.0,11.0,13.0,15.0,NaN},{11.0,34.0,13.0,8.0,NaN},{13.0,13.0,13.999999999999998,15.0,NaN},{15.0,8.0,15.0,18.000000000000004,NaN},{NaN,NaN,NaN,NaN,NaN}}
2021-03-30 08:50:00 [main] [INFO]  KGenProgMain - 
----------------------------------------------------------------
Elapsed time: 7 seconds
Variants: generated 10, build-succeeded 2, build-failed 7, syntax-invalid 0, redundant 1
Fitness: max 0.778(1), min 0.333(1), ave 0.556
----------------------------------------------------------------

2021-03-30 08:50:00 [main] [INFO]  KGenProgMain - entered the era of 4th generation.
DenseRealMatrix{{14.0,11.0,13.0,15.0,NaN},{11.0,34.0,13.0,8.0,NaN},{13.0,13.0,13.999999999999998,15.0,NaN},{15.0,8.0,15.0,18.000000000000004,NaN},{NaN,NaN,NaN,NaN,NaN}}
DenseRealMatrix{{14.0,11.0,13.0,15.0,NaN},{11.0,34.0,13.0,8.0,NaN},{13.0,13.0,13.999999999999998,15.0,NaN},{15.0,8.0,15.0,18.000000000000004,NaN},{NaN,NaN,NaN,NaN,NaN}}
2021-03-30 08:50:04 [main] [INFO]  KGenProgMain - 
----------------------------------------------------------------
Elapsed time: 10 seconds
Variants: generated 20, build-succeeded 4, build-failed 7, syntax-invalid 1, redundant 8
Fitness: max 0.778(2), min 0.222(1), ave 0.528
----------------------------------------------------------------

2021-03-30 08:50:04 [main] [INFO]  KGenProgMain - entered the era of 5th generation.
DenseRealMatrix{{196.0,11.0,12.999999999999998,15.0,24.0},{11.0,1115.0188723448562,13.000000000000002,8.0,25.000000000000004},{12.999999999999998,13.000000000000002,170.06622146474712,14.999999999999998,20.999999999999993},{15.0,8.0,14.999999999999998,247.5436652414541,22.999999999999996},{24.0,25.000000000000004,20.999999999999993,22.999999999999996,1439.7975625665854}}
2021-03-30 08:50:07 [main] [INFO]  KGenProgMain - 
----------------------------------------------------------------
Elapsed time: 14 seconds
Variants: generated 20, build-succeeded 2, build-failed 9, syntax-invalid 1, redundant 8
Fitness: max 0.556(1), min 0.333(1), ave 0.444
----------------------------------------------------------------

2021-03-30 08:50:07 [main] [INFO]  KGenProgMain - entered the era of 6th generation.
DenseRealMatrix{{14.0,11.0,13.0,15.0,NaN},{11.0,34.0,13.0,8.0,NaN},{13.0,13.0,13.999999999999998,15.0,NaN},{15.0,8.0,15.0,18.000000000000004,NaN},{NaN,NaN,NaN,NaN,NaN}}
2021-03-30 08:50:10 [main] [INFO]  KGenProgMain - 
----------------------------------------------------------------
Elapsed time: 17 seconds
Variants: generated 20, build-succeeded 1, build-failed 10, syntax-invalid 1, redundant 8
Fitness: max 0.778(1), min 0.778(1), ave 0.778
----------------------------------------------------------------

2021-03-30 08:50:10 [main] [INFO]  KGenProgMain - entered the era of 7th generation.
DenseRealMatrix{{14.0,11.0,13.0,15.0,NaN},{11.0,34.0,13.0,8.0,NaN},{13.0,13.0,13.999999999999998,15.0,NaN},{15.0,8.0,15.0,18.000000000000004,NaN},{NaN,NaN,NaN,NaN,NaN}}
DenseRealMatrix{{0.0,0.0,0.0,0.0,0.0},{0.0,0.0,0.0,0.0,0.0},{0.0,0.0,0.0,0.0,0.0},{0.0,0.0,0.0,0.0,0.0},{0.0,0.0,0.0,0.0,0.0}}
2021-03-30 08:50:13 [main] [INFO]  KGenProgMain - 
----------------------------------------------------------------
Elapsed time: 20 seconds
Variants: generated 20, build-succeeded 3, build-failed 7, syntax-invalid 1, redundant 9
Fitness: max 0.778(1), min 0.333(1), ave 0.556
----------------------------------------------------------------

2021-03-30 08:50:13 [main] [INFO]  KGenProgMain - entered the era of 8th generation.
DenseRealMatrix{{196.0,11.0,12.999999999999998,15.0,24.0},{11.0,1115.0188723448562,13.000000000000002,8.0,25.000000000000004},{12.999999999999998,13.000000000000002,170.06622146474712,14.999999999999998,20.999999999999993},{15.0,8.0,14.999999999999998,247.5436652414541,22.999999999999996},{24.0,25.000000000000004,20.999999999999993,22.999999999999996,1439.7975625665854}}
DenseRealMatrix{{14.0,11.0,13.0,15.0,NaN},{11.0,34.0,13.0,8.0,NaN},{13.0,13.0,13.999999999999998,15.0,NaN},{15.0,8.0,15.0,18.000000000000004,NaN},{NaN,NaN,NaN,NaN,NaN}}
2021-03-30 08:50:16 [main] [INFO]  KGenProgMain - 
----------------------------------------------------------------
Elapsed time: 23 seconds
Variants: generated 20, build-succeeded 3, build-failed 9, syntax-invalid 0, redundant 8
Fitness: max 0.778(1), min 0.333(1), ave 0.556
----------------------------------------------------------------

2021-03-30 08:50:16 [main] [INFO]  KGenProgMain - entered the era of 9th generation.
DenseRealMatrix{{14.0,11.0,13.0,15.0,NaN},{11.0,34.0,13.0,8.0,NaN},{13.0,13.0,13.999999999999998,15.0,NaN},{15.0,8.0,15.0,18.000000000000004,NaN},{NaN,NaN,NaN,NaN,NaN}}
DenseRealMatrix{{196.0,11.0,12.999999999999998,15.0,24.0},{11.0,1115.0188723448562,13.000000000000002,8.0,25.000000000000004},{12.999999999999998,13.000000000000002,170.06622146474712,14.999999999999998,20.999999999999993},{15.0,8.0,14.999999999999998,247.5436652414541,22.999999999999996},{24.0,25.000000000000004,20.999999999999993,22.999999999999996,1439.7975625665854}}
DenseRealMatrix{{196.0,11.0,12.999999999999998,15.0,24.0},{11.0,1115.0188723448562,13.000000000000002,8.0,25.000000000000004},{12.999999999999998,13.000000000000002,170.06622146474712,14.999999999999998,20.999999999999993},{15.0,8.0,14.999999999999998,247.5436652414541,22.999999999999996},{24.0,25.000000000000004,20.999999999999993,22.999999999999996,1439.7975625665854}}
DenseRealMatrix{{196.0,11.0,12.999999999999998,15.0,24.0},{11.0,1115.0188723448562,13.000000000000002,8.0,25.000000000000004},{12.999999999999998,13.000000000000002,170.06622146474712,14.999999999999998,20.999999999999993},{15.0,8.0,14.999999999999998,247.5436652414541,22.999999999999996},{24.0,25.000000000000004,20.999999999999993,22.999999999999996,1439.7975625665854}}
DenseRealMatrix{{14.0,11.0,13.0,15.0,NaN},{11.0,34.0,13.0,8.0,NaN},{13.0,13.0,13.999999999999998,15.0,NaN},{15.0,8.0,15.0,18.000000000000004,NaN},{NaN,NaN,NaN,NaN,NaN}}
2021-03-30 08:50:20 [main] [INFO]  KGenProgMain - 
----------------------------------------------------------------
Elapsed time: 26 seconds
Variants: generated 20, build-succeeded 6, build-failed 7, syntax-invalid 3, redundant 4
Fitness: max 0.778(2), min 0(1), ave 0.537
----------------------------------------------------------------

2021-03-30 08:50:20 [main] [INFO]  KGenProgMain - entered the era of 10th generation.
DenseRealMatrix{{14.0,11.0,13.0,15.0,NaN},{11.0,34.0,13.0,8.0,NaN},{13.0,13.0,13.999999999999998,15.0,NaN},{15.0,8.0,15.0,18.000000000000004,NaN},{NaN,NaN,NaN,NaN,NaN}}
DenseRealMatrix{{14.0,11.0,13.0,15.0,NaN},{11.0,34.0,13.0,8.0,NaN},{13.0,13.0,13.999999999999998,15.0,NaN},{15.0,8.0,15.0,18.000000000000004,NaN},{NaN,NaN,NaN,NaN,NaN}}
DenseRealMatrix{{14.0,11.0,13.0,15.0,NaN},{11.0,34.0,13.0,8.0,NaN},{13.0,13.0,13.999999999999998,15.0,NaN},{15.0,8.0,15.0,18.000000000000004,NaN},{NaN,NaN,NaN,NaN,NaN}}
2021-03-30 08:50:23 [main] [INFO]  KGenProgMain - 
----------------------------------------------------------------
Elapsed time: 29 seconds
Variants: generated 20, build-succeeded 3, build-failed 10, syntax-invalid 2, redundant 5
Fitness: max 0.778(3), min 0.778(3), ave 0.778
----------------------------------------------------------------

2021-03-30 08:50:23 [main] [INFO]  KGenProgMain - GA stopped
2021-03-30 08:50:23 [main] [INFO]  KGenProgMain - Summary
Reached generation = 10
Generated variants = 170
Syntax valid variants = 160
Build succeeded variants = 28
Time elapsed = 29 seconds
Exit status = FAILURE (maximum generation)
